0 -1 0
0 0 0
0 1 0
1 b 2 1
1 b 3 0

1 a 1 0 
1 a 1 0
1 a 1 0
1 s 2 0
1 d 2 0
0 1 0
1 a 1 0
0 1 0
1 b 2 1
1 b 3 0

1 a 1 0
1 a 1 0
1 m 1 0
1 m 2 0
1 a 0 0
0 2 0
0 1 0
1 b 2 1
1 b 3 0

1 a 1 0
1 a 1 0
1 a 1 0
1 s 2 0
1 d 2 0
0 1 0
1 a 1 0
0 1 0
1 a 2 1
1 g 3 0

1 f 1 0
1 d 1 0
1 s 1 0
1 m 2 0
1 a 0 0
0 2 0
0 1 0
1 b 2 1
1 b 3 0

1 a 1 0
1 a 1 0
1 a 1 0
1 s 2 0
1 d 2 0
0 1 0
1 a 1 0
0 1 0
1 n 2 1
1 b 3 0

1 a 1 0
1 s 1 0
1 d 1 0
1 f 2 0
1 d 0 0
0 2 0
0 1 0
1 b 2 1 
1 b 3 0

1 g 1 0
1 f 1 0
1 f 1 0
1 d 1 0
1 d 1 0
1 s 1 0
1 s 1 0
1 a 1 0

1 d 0 0
1 s 1 0
1 a 2 0
1 a 0 0
0 2 0
0 0 0

1 a 1 0
1 a 1 0
1 a 1 0
1 s 2 0
1 d 2 0
0 1 0
1 g 2 1
1 d 3 0
1 s 2 1
1 a 3 0
1 a 1 0

1 q 0 0
1 d 2 1
1 s 3 0
1 a 2 0
1 s 2 0
0 2 1
1 a 3 0
1 a 0 0
0 1 0

1 d 1 0
1 d 1 0
1 d 1 0
1 f 2 0
1 g 2 0
0 2 1
1 a 3 0
1 a 1 0
0 1 0
1 a 2 1
1 a 3 0

1 s 2 1
1 a 3 0
1 s 2 1
1 a 3 0
1 s 1 0
1 d 2 0
1 f 2 0
0 2 0
1 g 1 1
1 d 2 1
1 s 3 0
1 a 1 0

1 a 1 0
1 a 1 0
1 a 1 0
1 s 2 0
1 d 2 0
0 1 0
1 g 2 1
1 d 3 0
1 s 2 1
1 a 3 0
1 a 1 0

1 q 0 0
1 d 2 1
1 s 3 0
1 a 2 0
1 s 2 0
0 2 1
1 a 3 0
1 a 0 0
0 1 0

1 g -1 0
0 1 0
1 d 2 1
1 f 3 0
1 g 2 1
1 a 3 0
1 a 1 0

1 a 1 0
1 b 2 1
1 n 3 0
1 a 2 0
1 n 1 0
1 b 2 0
0 2 0
0 2 0
1 c 1 0
1 z 1 0
1 b 2 1
1 b 3 0

1 a 1 0
1 a 1 0
1 a 1 0
1 s 2 0
1 d 2 0
0 1 0
1 a 1 0
0 1 0
1 b 2 1
1 b 3 0

1 a 1 0
1 a 1 0
1 m 1 0
1 m 2 0
1 a 0 0
0 2 0
0 1 0
1 b 2 1
1 b 3 0

1 a 1 0
1 a 1 0
1 a 1 0
1 s 2 0
1 d 2 0
0 1 0
1 a 1 0
0 1 0
1 a 2 1
1 g 3 0

1 f 1 0
1 d 1 0
1 s 1 0
1 m 2 0
1 a 0 0
0 2 0
1 b 2 1
1 b 3 0

1 a 1 0
1 a 1 0
1 a 1 0
1 s 2 0
1 d 2 0
0 1 0
1 a 1 0
0 1 0
1 n 2 1
1 b 3 0

1 a 1 0
1 s 1 0
1 d 1 0
1 f 2 0
1 d 0 0
0 2 0
0 1 0
1 b 2 1
1 b 3 0

1 g 1 0
1 f 1 0
1 f 1 0
1 d 1 0
1 d 1 0
1 s 1 0
1 s 1 0
1 a 1 0

1 d 0 0
1 s 1 0
1 a 2 0
1 a 0 0
0 2 0
1 b 0 0

1 a 2 1
1 b 3 0
1 a 2 1
1 b 3 0
1 a 2 1
1 a 3 0
1 s 2 0
1 d 2 0
0 1 0
0 1 0
1 a 1 0
1 b 1 0

1 a 2 1
1 b 3 0
1 a 2 1
1 b 3 0
1 a 2 1
1 a 3 0
1 s 2 0
1 a 2 0
0 1 0
0 1 0
0 0 0

1 a 2 1
1 b 3 0
1 a 2 1
1 b 3 0
1 a 2 1
1 a 3 0
1 s 2 0
1 d 2 0
0 2 0
1 s 1 0
1 a 2 0
0 2 0
0 2 0
0 1 0

1 f 2 1
1 f 3 0
1 f 2 1
1 f 3 0
1 f 2 1
1 f 3 0
1 g 2 0
1 d 2 0
0 2 0
1 s 1 0
1 a 2 0
0 1 0
0 1 0

1 a 2 1
1 n 3 0
1 a 2 1
1 n 3 0
1 a 2 1
1 a 3 0
1 s 2 0
1 d 2 0
0 1 0
0 1 0
1 d 1 0
1 g 1 0

1 s 2 1
1 a 2 1
1 a 2 1
1 s 2 1
1 a 2 1
1 a 2 1
1 d 2 1
1 s 2 1
1 a 2 1
1 a 1 0
0 3 0

0 1 0
1 f 2 1
1 f 3 0
1 f 1 0
1 f 1 0
1 f 1 0
1 f 1 0
1 d 1 0
1 s 1 0

1 a 1 0
1 s 1 0
1 d 1 0
1 s 1 0
0 0 0
1 b 0 0

1 g 2 1
1 g 2 1
1 g 2 1
1 g 2 1
1 g 2 1
1 g 2 1
1 g 0 0
0 1 1

1 a 2 1
1 b 3 0
1 a 2 1
1 b 3 0
1 a 2 1
1 a 3 0
1 s 2 0
1 d 2 0
0 1 0
1 g 2 1
1 d 3 0
1 s 2 0
1 a 1 1

1 q 0 0
1 d 2 1
1 s 3 0
1 a 2 0
1 s 2 0
0 2 0
1 a 2 1
0 1 0
0 1 0

1 s 2 1
1 s 3 0
1 d 2 1
1 d 3 0
1 d 1 0
1 f 2 0
1 g 2 0
0 2 1
1 a 3 0
1 a 0 1

1 s 2 1
1 a 3 0
1 s 2 1
1 a 3 0
1 s 1 0
1 d 2 0
1 f 2 0
0 1 0
1 g 1 0
1 d 2 1
1 s 3 0
1 a 1 0

1 a 2 1
1 b 3 0
1 a 2 1
1 b 3 0
1 a 2 1
1 a 3 0
1 s 2 0
1 d 2 0
0 1 0
1 g 2 1
1 d 3 0
1 s 2 0
1 a 1 1

1 q 0 0
1 d 2 1
1 s 3 0
1 a 2 0
1 s 2 0
0 2 0
1 a 1 1
0 1 0
0 1 0

1 d 2 1
1 d 3 0
1 d 2 1
1 d 3 0
1 d 1 0
1 f 2 0
1 g 2 0
0 2 0
1 a 1 1
0 1 0
0 1 0

1 s 2 1
1 a 3 0
1 s 2 1
1 a 3 0
1 s 1 0
1 d 1 0
1 f 1 0
1 g 1 0
1 d 2 1
1 s 3 0
1 a 1 0

0 1 0
1 a 2 1
1 n 3 0
1 a 2 0
1 s 1 1
1 d 1 0
1 s 1 0
1 a 2 0
1 s 1 1

1 g 0 0
1 d 1 0
1 s 2 0
1 a 0 0
0 2 0
0 0 0

0 1 0
1 a 2 1
1 n 3 0
1 a 2 0
1 s 1 1
1 d 1 0
1 s 1 0
1 a 2 0
1 s 1 1

1 a 1 0
1 b 1 0
1 a 1 0
1 b 2 0
1 a 0 0
0 2 0
0 0 0
-1
het k46
muc tieu k83
https://www.youtube.com/watch?v=LIEC9HPscHA