1 e 0 0
1 t 1 0
1 e 1 0

1 q 0 0
1 w 1 0
1 j 1 0

1 w 0 0
1 q 0 0

1 e -1 0

1 q 0 0
1 e 0 0

1 w 1 1
1 w 2 0
1 q 1 0
1 w 1 0

1 e 0 0
1 q 0 0

1 g -1 0

1 h 1 1
1 h 2 0
1 h 1 0
1 q 1 0

1 h 0 0
1 g 1 0
1 g 1 0

1 h 0 0
1 q 0 0

1 w -1 0

1 w 1 1
1 w 2 0
1 w 1 0
1 q 1 0

1 h 2 0
1 q 2 0
1 h 1 0
1 g 0 0

1 w 1 1
1 w 2 0
1 w 1 0
1 h 1 0

1 q -1 0

0 0 0
2 q e 0 0

2 e t -1 0

2 q e 0 0
2 r y 0 0

2 e t -1 0

0 0 0
2 g q 0 0

2 q e -1 0

2 h q 0 0
2 q e 0 0

2 j w -1 0

0 0 0
2 q e 0 0

2 e t -1 0

2 q e 0 0
2 r y 0 0

2 e t -1 0

0 0 0
2 h q 0 0

2 j w -1 0

1 g 0 0
2 h w 0 0

1 q -1 0

0 -1 0
-1