0 0 0
0 1 0
1 w 1 0
1 w 1 0
1 j 1 0
1 h 1 0
1 g 1 0

2 d h 1 0
1 g 1 0
1 h 1 0
1 j 1 0
0 1 0
1 s 1 0
1 s 1 0
1 g 1 0

2 s h 1 0
1 g 1 0
1 h 1 0
1 j 1 0
0 1 0
2 g j 1 0
1 w 1 0
1 g 1 0

1 g 1 0
1 j 1 0
1 q 1 0
1 j 1 0
2 s g 1 0
1 d 1 0
1 g 1 0
1 j 1 0

1 j -1 0
0 1 0
1 s 1 0
1 s 1 0
1 g 1 0

3 a d h 1 0
1 g 1 0
1 h 1 0
3 a d j 1 0
0 1 0
2 s h 1 0
1 g 1 0
2 s h 1 0

2 f w 1 0
1 j 1 0
2 f h 1 0
1 g 1 0
0 1 0
2 d j 1 0
1 j 1 0
2 d j 1 0

3 d g q 0 0
2 d j 1 0
1 g 1 0
2 s g 1 0
1 d 0 0
2 m g 1 0
-1
het k8