1 q 2 0
1 q 2 0
1 q 1 0
1 q 1 0
0 1 0
1 q 2 0
1 q 2 0
1 q 1 0
0 1 0
1 q 1 0

0 1 0
1 q 1 0
0 1 0
1 q 2 0
1 q 2 0
1 w 1 0
0 1 0
1 w 1 0
1 w 2 0
1 w 2 0

1 q 2 0
1 q 2 0
1 q 1 0
1 q 1 0
0 1 0
1 q 2 0
1 q 2 0
1 q 1 0
0 1 0
1 q 1 0

0 1 0
1 q 1 0
0 1 0
1 q 2 0
1 q 2 0
1 e 1 0
0 1 0
1 e 1 0
1 e 2 0
1 e 2 0

1 q 2 0
1 q 2 0
1 q 1 0
1 q 1 0
0 1 0
1 q 2 0
1 q 2 0
1 q 1 0
0 1 0
1 q 1 0

0 1 0
1 q 1 0
0 1 0
1 q 2 0
1 q 2 0
1 w 1 0
1 q 1 0
1 w 1 0
1 e 1 0

1 t 0 0
1 t 1 0
1 y 2 0
1 t 2 0
1 e 0 0
0 1 0
1 y 1 0

0 1 0
1 y 1 0
1 t 1 0
1 t 1 0
1 e 1 0
1 t 1 0
1 e 1 0
1 w 1 0

2 g w 0 0
2 g w 1 0
2 h e 2 0
2 g w 2 0
2 d q 0 0
0 1 0
1 h 1 0

0 1 0
1 h 1 0
1 g 1 0
1 g 1 0
1 d 1 0
1 g 1 0
1 d 1 0
1 s 1 0

1 a 0 0
1 a 1 0
1 s 1 0
1 a 0 0
0 1 0
1 d 1 0

1 d 1 0
1 g 1 0
1 d 1 0
1 s 1 0
1 a 1 0
1 d 1 0
1 a 1 0
1 b 1 0

1 a 0 0
1 b 1 0
1 a 1 0
1 a 1 0
1 b 1 0
1 d 1 0
1 b 1 0

1 a 0 0
1 b 1 0
1 a 1 0
1 a 1 0
1 b 1 0
1 d 0 0

1 g 1 0
1 d 1 0
1 s 2 0
1 a 2 0
1 n 1 0
1 a 1 0
1 d 1 0
1 g 1 0
1 h 1 0

1 j 1 0
1 j 1 0
1 j 1 0
2 d h 1 0
2 d g 1 0
2 s g 1 0
2 a g 1 0
2 s g 1 0

0 1 0
1 d 1 0
0 1 0
1 d 1 0
0 1 0
1 s 1 0
1 a 1 0
1 s 1 0

0 1 0
1 g 1 0
0 1 0
1 d 1 0
1 d 1 0
1 d 1 0
1 s 1 0
1 d 1 0

1 s 1 0
1 a 1 0
0 1 0
1 n 1 0
1 a 1 0
1 a 1 0
1 n 1 0
1 a 1 0

1 d 1 0
1 s 1 0
0 1 0
1 d 1 0
1 d 1 0
1 s 1 0
1 a 1 0
1 s 1 0

1 s 1 0
1 d 1 0
0 1 0
1 d 1 0
1 d 1 0
1 s 1 0
1 a 1 0
1 s 1 0

0 1 0
1 g 1 0
0 1 0
1 d 1 0
1 d 1 0
1 d 1 0
1 s 1 0
1 d 1 0

1 d 1 0
1 s 1 0
0 1 0
1 s 1 0
1 s 1 0
1 a 1 0
1 s 1 0
1 d 1 0

1 d 1 0
1 s 1 0
0 1 0
1 a 1 0
1 d 1 0
1 s 1 0
1 a 1 0
1 s 1 0

0 1 0
1 d 1 0
0 1 0
1 d 1 0
1 d 1 0
1 s 1 0
1 a 1 0
1 s 1 0

0 1 0
1 g 1 0
0 1 0
1 d 1 0
1 d 1 0
1 d 1 0
1 s 1 0
1 d 1 0

1 s 1 0
1 a 1 0
0 1 0
1 n 1 0
1 a 1 0
1 a 1 0
1 n 1 0
1 a 1 0

1 d 1 0
1 s 1 0
0 1 0
1 d 1 0
1 d 1 0
1 s 1 0
1 a 1 0
1 s 1 0

1 s 1 0
1 d 1 0
0 1 0
1 d 1 0
1 d 1 0
1 s 1 0
1 a 1 0
1 s 1 0

0 1 0
1 g 1 0
0 1 0
1 d 1 0
1 d 1 0
1 d 1 0
1 s 1 0
1 d 1 0

1 s 0 0
1 d 1 0
1 s 1 0
1 s 1 0
1 a 1 0
1 s 1 0
1 d 1 0

1 g 1 0
1 g 1 0
1 h 1 0
1 g 1 0
1 g 1 0
0 1 0
1 h 0 0

1 g 0 0
1 h 1 0
1 h 1 0
1 g 1 0
1 g 1 0
1 g 1 0
1 d 1 0

1 s 1 0
1 a 1 0
1 s 1 0
1 d 1 0
1 d 1 0
0 1 0
1 h 0 0

1 g 0 0
1 h 1 0
1 h 1 0
1 g 1 0
1 g 1 0
1 g 1 0
1 d 1 0

1 s 1 0
1 a 1 0
1 s 1 0
1 d 1 0
1 a 1 0
0 1 0
1 h 0 0

1 g 0 0
1 h 1 0
1 h 1 0
1 g 1 0
1 g 1 0
1 g 1 0
1 d 1 0

1 s 1 0
1 a 1 0
1 s 1 0
1 d 1 0
1 d 1 0
0 1 0
1 h 1 0
1 h 1 0

1 g 1 0
1 g 1 0
1 h 1 0
1 h 1 0
1 g 0 0
1 h 1 0
2 h q 1 0

2 h q 1 0
2 h q 1 0
2 g j 1 0
2 d h 1 0
2 d h 1 0
0 1 0
1 g 1 0
1 h 1 0

1 q 1 0
0 1 0
1 g 1 0
1 h 1 0
1 q 1 0
0 1 0
1 g 1 0
1 h 1 0

1 e 0 0
1 e 1 0
1 e 1 0
1 r 1 0
1 e 1 0
1 w 1 0
1 q 1 0

0 1 0
1 w 1 0
1 q 1 0
1 q 1 0
1 w 1 0
1 w 1 0
1 e 1 0
1 e 1 0

1 w 0 0
1 q 1 0
1 h 1 0
1 q 1 0
0 1 0
1 g 1 0
1 d 1 0

1 s 1 0
1 s 1 0
1 s 1 0
1 s 1 0
1 s 1 0
1 a 1 0
0 1 0
1 g 1 0

1 g 1 0
1 d 1 0
1 d 1 0
1 g 1 0
1 d 1 0
0 1 0
1 d 1 0
1 g 1 0

1 q 1 0
1 q 1 0
1 q 1 0
1 h 1 0
1 q 1 0
1 q 1 0
1 e 1 0
1 e 1 0

1 e 1 0
1 w 1 0
1 w 0 0
0 -1 0




0 0 0
0 1 0
1 e 1 0
1 e 1 0
1 w 1 0
1 q 1 0
1 w 1 0

0 1 0
1 e 1 0
0 1 0
1 e 1 0
1 e 1 0
1 w 1 0
1 q 1 0
1 w 1 0

0 1 0
1 t 1 0
0 1 0
1 e 1 0
1 e 1 0
1 e 1 0
1 w 1 0
1 e 1 0

1 w 1 0
1 q 1 0
0 1 0
1 h 1 0
1 q 1 0
1 q 1 0
1 h 1 0
1 e 1 0

0 1 0
1 w 1 0
0 1 0
1 e 1 0
1 e 1 0
1 w 1 0
1 q 1 0
1 e 1 0

0 1 0
1 e 1 0
0 1 0
1 e 1 0
1 e 1 0
1 w 1 0
1 q 1 0
1 w 1 0

0 1 0
1 t 1 0
0 1 0
1 e 1 0
1 e 1 0
1 e 1 0
1 w 1 0
1 e 1 0

1 e 1 0
1 w 1 0
0 1 0
1 w 1 0
1 w 1 0
1 q 1 0
1 w 1 0
2 d e 1 0

0 1 0
2 s w 1 0
0 1 0
2 g e 1 0
2 g e 1 0
1 w 1 0
1 q 1 0
2 g w 1 0

0 1 0
3 g q e 1 0
0 1 0
2 g e 1 0
2 g e 1 0
1 w 1 0
1 q 1 0
2 g w 1 0

0 1 0
3 g j t 1 0
0 1 0
2 g e 1 0
2 g e 1 0
2 g e 1 0
2 g w 1 0
1 e 1 0

2 h w 1 0
1 q 1 0
0 1 0
2 d h 1 0
1 q 1 0
1 q 1 0
2 d h 1 0
1 q 1 0

3 f h e 1 0
1 w 1 0
0 1 0
2 h e 1 0
2 h e 1 0
1 w 1 0
1 q 1 0
2 h w 1 0

0 1 0
3 h q e 1 0
0 1 0
2 h e 1 0
2 h e 1 0
1 w 1 0
1 q 1 0
2 h w 1 0

0 1 0
3 g j t 1 0
0 1 0
2 g e 1 0
2 g e 1 0
2 g e 1 0
2 g w 1 0
1 e 1 0

2 h w 1 0
2 h w 1 0
1 e 1 0
2 h w 1 0
2 h w 1 0
1 q 1 0
2 h w 1 0
1 e 1 0

3 g j t 1 0
3 g j t 1 0
3 h q y 1 0
3 g j t 1 0
3 g j t 1 0
0 1 0
1 y 1 0
1 y 1 0

1 t 0 0
1 y 1 0
1 y 1 0
1 t 1 0
1 t 1 0
1 t 1 0
1 e 1 0

1 w 1 0
1 q 1 0
1 w 1 0
1 e 1 0
1 e 1 0
0 1 0
1 y 1 0
1 y 1 0

1 t 1 0
1 t 1 0
1 y 1 0
1 y 1 0
1 t 1 0
1 t 1 0
1 t 1 0
1 e 1 0

1 w 1 0
1 q 1 0
1 w 1 0
1 e 1 0
1 q 1 0
0 1 0
1 y 0 0

1 t 0 0
1 y 1 0
1 y 1 0
1 t 1 0
1 t 1 0
1 t 1 0
1 e 1 0

1 w 1 0
1 q 1 0
1 w 1 0
1 e 1 0
1 e 1 0
0 1 0
1 y 1 0
1 y 1 0

1 t 1 0
1 t 1 0
1 y 1 0
1 y 1 0
1 t 1 0
1 t 1 0
1 y 1 0
2 q y 1 0

2 q y 1 0
2 q y 1 0
2 j t 1 0
3 h e y 1 0
3 h e y 1 0
0 1 0
1 j 1 0
1 q 1 0

1 r 1 0
0 1 0
2 j t 1 0
2 q y 1 0
2 r u 1 0
0 1 0
2 j t 1 0
2 q y 1 0

2 e t 1 0
2 e t 1 0
2 e t 1 0
2 e t 1 0
2 r y 1 0
2 e t 1 0
2 w r 1 0
2 q e 1 0

0 1 0

-1

het k98